Webots Project File version R2021a
perspectives: 000000ff00000000fd000000030000000000000326000003f0fc0100000002fb0000001a0044006f00630075006d0065006e0074006100740069006f006e0000000000ffffffff0000006900fffffffb0000001e00480074006d006c0052006f0062006f007400570069006e0064006f00770000000000000003260000000000000000000000010000011c0000025afc0200000001fb0000001400540065007800740045006400690074006f007201000000160000025a0000003f00ffffff000000030000078000000194fc0100000001fb0000001a0043006f006e0073006f006c00650041006c006c0041006c006c0100000000000007800000006900ffffff000006620000025a00000001000000020000000100000008fc00000000
simulationViewPerspectives: 000000ff0000000100000002000001aa000004b60100000002010000000100
sceneTreePerspectives: 000000ff0000000100000002000000c0000000000100000002010000000200
maximizedDockId: -1
centralWidgetVisible: 1
orthographicViewHeight: 1
textFiles: -1
consoles: Console:All:All
renderingDevicePerspectives: UR5e:cameraDepth;0;0.310937;0;0
renderingDevicePerspectives: UR5e:cameraRGB;0;0.207292;0;0
